[gd_scene load_steps=4 format=3 uid="uid://bp06exajbxcdp"]

[ext_resource type="PackedScene" uid="uid://cw6gyp8cy7l4x" path="res://Assets/Kenny Survival Kit/campfire-fishing-stand.glb" id="1_0jms3"]
[ext_resource type="PackedScene" uid="uid://blyy40ch1gbm7" path="res://Assets/Kenny Survival Kit/campfire-pit.glb" id="1_b8dyu"]
[ext_resource type="PackedScene" uid="uid://dvyc1v6hl3eao" path="res://Assets/KayKit Resources/Wood_Log_B.gltf" id="3_trgx2"]

[node name="Campfire" type="Node3D"]

[node name="campfire-fishing-stand2" parent="." instance=ExtResource("1_0jms3")]
transform = Transform3D(4, 0, 0, 0, 4, 0, 0, 0, 4, 0, 0, 0)

[node name="campfire-pit2" parent="." instance=ExtResource("1_b8dyu")]
transform = Transform3D(4, 0, 0, 0, 4, 0, 0, 0, 4, 0, 0, 0)

[node name="Wood_Log_B2" parent="." instance=ExtResource("3_trgx2")]
transform = Transform3D(0.707107, 0, -0.707107, 0, 1, 0, 0.707107, 0, 0.707107, -1.75, 0.1, -1.75)

[node name="Wood_Log_B7" parent="." instance=ExtResource("3_trgx2")]
transform = Transform3D(-0.707107, 0, -0.707107, 0, 1, 0, 0.707107, 0, -0.707107, 1.75, 0.1, -1.75)

[node name="Wood_Log_B8" parent="." instance=ExtResource("3_trgx2")]
transform = Transform3D(-0.707107, 0, 0.707107, 0, 1, 0, -0.707107, 0, -0.707107, 1.75, 0.1, 1.75)

[node name="Wood_Log_B9" parent="." instance=ExtResource("3_trgx2")]
transform = Transform3D(0.707107, 0, 0.707106, 0, 1, 0, -0.707106, 0, 0.707107, -1.75, 0.1, 1.75)

[node name="Wood_Log_B4" parent="." instance=ExtResource("3_trgx2")]
transform = Transform3D(1, 0, -2.98023e-08, 0, 1, 0, 2.98023e-08, 0, 1, -2.5, 0.1, 0)

[node name="Wood_Log_B5" parent="." instance=ExtResource("3_trgx2")]
transform = Transform3D(1, 0, -2.98023e-08, 0, 1, 0, 2.98023e-08, 0, 1, 2.5, 0.1, 0)

[node name="Wood_Log_B6" parent="." instance=ExtResource("3_trgx2")]
transform = Transform3D(-7.35137e-08, 0, -1, 0, 1, 0, 1, 0, -7.35137e-08, 0, 0.1, 2.5)

[node name="Wood_Log_B3" parent="." instance=ExtResource("3_trgx2")]
transform = Transform3D(-2.98023e-08, 0, -1, 0, 1, 0, 1, 0, -2.98023e-08, -9.53674e-07, 0.1, -2.5)
